200041
218467
206334
226500
219169
215724
211478
229358
226962
224464
205705
228145
223281
216827
209961
200491
202995
211942
204827
205436
232391
214604
203902
200153
200292
212382
217421
218716
219718
219895
205447
221726
214771
211538
201869
219912
225667
226299
217035
209894
228703
223811
231322
230333
217673
204664
215141
207711
228253
206868
225547
227644
232662
232757
220037
212859
208723
209741
227529
200778
212316
203035
222190
201842
200288
230106
209040
208942
219264
222648
227446
223805
215890
206729
224370
215350
215006
231101
224393
203548
219629
212623
224084
219954
218756
211840
204966
207376
213931
226308
216944
232439
224626
211323
205537
221538
216118
202082
222929
216541
-
-
-
-
-
-
-
-
-
-