03301257814
03301263117
03301260852
03301247693
03301234956
03301258146
03301240726
03301262726
03301252991
03301266084
03301259443
03301244928
03301250529
03301263448
03301240402
03301259061
03301249866
03301238075
03301236103
03301247032
03301241752
03301260428
03301251113
03301251796
03301238649
03331245962
03331238151
03331252976
03331247686
03331253375
03331256023
03331237814
03331258515
03331246589
03331237487
03331262709
03331259396
03331263592
03331240504
03331244227
03331245666
03331247668
03331237727
03331250662
03331266669
03331254768
03331252173
03331246581
03331245940
03331259780
03321254362
03321258042
03321243300
03321242679
03321235645
03321238619
03321238302
03321236084
03321266247
03321243449
03321234764
03321261517
03321264594
03321256985
03321257332
03321261888
03321236724
03321248898
03321253389
03321252409
03321253624
03321262565
03321257682
03321240409
03321237134
03511258628
03511243158
03511267318
03511264065
03511238924
03511244759
03511254371
03511246762
03511242244
03511245205
03511234673
03511256803
03511245675
03511245668
03511259957
03511251775
03511251101
03511239745
03511237004
03511242424
03511262967
03511251490
03511259997
03511249961
03511240251
-
-
-
-
-
-
-
-
-
-
