03335668595
03378697345
03046572340
03097860123
03302390851
03305474419
03005347891
03302198654
03315609123
03301298565
03335768992
03334778905
03247089651
03235096872
03306868844
03304868709
03305868792
03304867796
03309687745
03304006784
03312947874
03312095843
03312398654
03316749303
03313497856
03316879803
03314478390
03316688779
03315592809
03045690807
03338967089
03316452310
03336789432
03325498701
03315925218
03171502873
03005347841
03335566658
03074449107
03305698090
-